dv:So/Example/BeamEnergySpectrumValues = 240
0.25
0.75
1.25
1.75
2.25
2.75
3.25
3.75
4.25
4.75
5.25
5.75
6.25
6.75
7.25
7.75
8.25
8.75
9.25
9.75
10.25
10.75
11.25
11.75
12.25
12.75
13.25
13.75
14.25
14.75
15.25
15.75
16.25
16.75
17.25
17.75
18.25
18.75
19.25
19.75
20.25
20.75
21.25
21.75
22.25
22.75
23.25
23.75
24.25
24.75
25.25
25.75
26.25
26.75
27.25
27.75
28.25
28.75
29.25
29.75
30.25
30.75
31.25
31.75
32.25
32.75
33.25
33.75
34.25
34.75
35.25
35.75
36.25
36.75
37.25
37.75
38.25
38.75
39.25
39.75
40.25
40.75
41.25
41.75
42.25
42.75
43.25
43.75
44.25
44.75
45.25
45.75
46.25
46.75
47.25
47.75
48.25
48.75
49.25
49.75
50.25
50.75
51.25
51.75
52.25
52.75
53.25
53.75
54.25
54.75
55.25
55.75
56.25
56.75
57.25
57.75
58.25
58.75
59.25
59.75
60.25
60.75
61.25
61.75
62.25
62.75
63.25
63.75
64.25
64.75
65.25
65.75
66.25
66.75
67.25
67.75
68.25
68.75
69.25
69.75
70.25
70.75
71.25
71.75
72.25
72.75
73.25
73.75
74.25
74.75
75.25
75.75
76.25
76.75
77.25
77.75
78.25
78.75
79.25
79.75
80.25
80.75
81.25
81.75
82.25
82.75
83.25
83.75
84.25
84.75
85.25
85.75
86.25
86.75
87.25
87.75
88.25
88.75
89.25
89.75
90.25
90.75
91.25
91.75
92.25
92.75
93.25
93.75
94.25
94.75
95.25
95.75
96.25
96.75
97.25
97.75
98.25
98.75
99.25
99.75
100.25
100.75
101.25
101.75
102.25
102.75
103.25
103.75
104.25
104.75
105.25
105.75
106.25
106.75
107.25
107.75
108.25
108.75
109.25
109.75
110.25
110.75
111.25
111.75
112.25
112.75
113.25
113.75
114.25
114.75
115.25
115.75
116.25
116.75
117.25
117.75
118.25
118.75
119.25
119.75 keV

uv:So/Example/BeamEnergySpectrumWeights = 240
0.000E+00
0.000E+00
0.000E+00
0.000E+00
0.000E+00
0.000E+00
0.000E+00
0.000E+00
0.000E+00
0.000E+00
0.000E+00
0.000E+00
0.000E+00
0.000E+00
0.000E+00
0.000E+00
0.000E+00
0.000E+00
0.000E+00
0.000E+00
0.000E+00
0.000E+00
0.000E+00
0.000E+00
0.000E+00
0.000E+00
0.000E+00
0.000E+00
0.000E+00
0.000E+00
0.000E+00
0.000E+00
0.000E+00
1.107E-04
1.625E-04
2.308E-04
3.172E-04
4.220E-04
5.486E-04
6.956E-04
8.610E-04
1.056E-03
1.264E-03
1.499E-03
1.748E-03
2.019E-03
2.293E-03
2.601E-03
2.900E-03
3.203E-03
3.531E-03
3.858E-03
4.176E-03
4.511E-03
4.830E-03
5.163E-03
5.469E-03
5.786E-03
6.065E-03
6.349E-03
6.638E-03
6.879E-03
7.143E-03
7.372E-03
7.597E-03
7.804E-03
7.994E-03
8.171E-03
8.339E-03
8.483E-03
8.622E-03
8.745E-03
8.849E-03
8.949E-03
9.031E-03
9.109E-03
9.170E-03
9.219E-03
9.264E-03
9.297E-03
9.319E-03
9.332E-03
9.333E-03
9.332E-03
9.327E-03
9.307E-03
9.292E-03
9.259E-03
9.229E-03
9.187E-03
9.149E-03
9.101E-03
9.044E-03
8.996E-03
8.937E-03
8.871E-03
8.813E-03
8.747E-03
8.672E-03
8.605E-03
8.530E-03
8.456E-03
8.381E-03
8.300E-03
8.226E-03
8.145E-03
8.065E-03
7.985E-03
7.899E-03
7.820E-03
7.736E-03
7.652E-03
7.568E-03
7.486E-03
7.403E-03
3.335E-02
7.236E-03
7.155E-03
5.339E-02
6.986E-03
6.903E-03
6.821E-03
6.739E-03
6.658E-03
6.578E-03
6.494E-03
6.415E-03
6.338E-03
6.256E-03
6.175E-03
6.100E-03
6.021E-03
5.942E-03
2.242E-02
5.788E-03
5.712E-03
5.637E-03
9.988E-03
5.257E-03
4.045E-03
4.019E-03
3.988E-03
3.960E-03
3.932E-03
3.900E-03
3.871E-03
3.838E-03
3.808E-03
3.774E-03
3.743E-03
3.709E-03
3.674E-03
3.641E-03
3.606E-03
3.570E-03
3.537E-03
3.500E-03
3.463E-03
3.426E-03
3.389E-03
3.351E-03
3.313E-03
3.274E-03
3.238E-03
3.200E-03
3.160E-03
3.121E-03
3.079E-03
3.039E-03
3.000E-03
2.959E-03
2.919E-03
2.878E-03
2.838E-03
2.797E-03
2.756E-03
2.712E-03
2.671E-03
2.629E-03
2.588E-03
2.544E-03
2.502E-03
2.460E-03
2.418E-03
2.374E-03
2.331E-03
2.289E-03
2.244E-03
2.202E-03
2.159E-03
2.115E-03
2.072E-03
2.029E-03
1.984E-03
1.941E-03
1.896E-03
1.853E-03
1.809E-03
1.765E-03
1.722E-03
1.677E-03
1.634E-03
1.589E-03
1.546E-03
1.501E-03
1.458E-03
1.414E-03
1.370E-03
1.326E-03
1.282E-03
1.238E-03
1.195E-03
1.151E-03
1.107E-03
1.063E-03
1.019E-03
9.761E-04
9.323E-04
8.893E-04
8.456E-04
8.027E-04
7.592E-04
7.158E-04
6.731E-04
6.300E-04
5.874E-04
5.445E-04
5.017E-04
4.594E-04
4.168E-04
3.747E-04
3.324E-04
2.903E-04
2.485E-04
2.067E-04
1.650E-04
1.236E-04
8.222E-05
4.102E-05
3.417E-06